INT l;

l <- 1-2*3;